% clear
%global S1 S2 L1 L3 R1 Le K1 K2 T1 T2 M1 M2 R2 k L2 L7 L8 LC1 LC2 LC3 RC1 LC7 LC8 L9 Lcx10 Lcy10 Lcz10 Lc11 

S1=82;S2=411;L1=600;L3=550;M1=312.5;M2=140.5;R2=318;
R1=200;Le=414;K1=270;K2=K1;L7=Le;L8=L7;zeta=-pi/6;
T1=0;T2=0;
I1=[531432.895,1962865.034,1545286.115];
I2=[118284.16,456199.27,500258.95];
I3=[79013.25, 1135425.11, 1121439.73];
I4=[870.60,179377.20,179369.49];
I5=[3169.766,5265.289,3886.288];%滑块1
I6=[3169.766,5265.289,3886.288];%滑块2
I7=[143.00,29009.62,29008.38];
I8=[143.00,29009.62,29008.38];%AC,BC
I9=[5187204.097,6638143.629, 4645540.195];
I10=[230616.784, 122346.017, 246696.850];
I11=[10700.52,125437.80,115850.13];
I12=[12209.748,498.623,12408.157];
I13=[397.49,124363.03,124495.89];
I14=[18845.358,28753.446,45020.107];
I15=[376.19,99421.54,99541.62];
sqrt(2)
500*sqrt(3)/2
500/sqrt(2)